   2.3999769e+03
   2.3990127e+03
   2.3980485e+03
   2.3970842e+03
   2.3961200e+03
   2.3951558e+03
   2.3941915e+03
   2.3932273e+03
   2.3922631e+03
   2.3912988e+03
   2.3903346e+03
   2.3893704e+03
   2.3884061e+03
   2.3874419e+03
   2.3864777e+03
   2.3855134e+03
   2.3845492e+03
   2.3835850e+03
   2.3826207e+03
   2.3816565e+03
   2.3806923e+03
   2.3797280e+03
   2.3787638e+03
   2.3777996e+03
   2.3768353e+03
   2.3758711e+03
   2.3749069e+03
   2.3739426e+03
   2.3729784e+03
   2.3720142e+03
   2.3710499e+03
   2.3700857e+03
   2.3691215e+03
   2.3681572e+03
   2.3671930e+03
   2.3662288e+03
   2.3652645e+03
   2.3643003e+03
   2.3633361e+03
   2.3623718e+03
   2.3614076e+03
   2.3604434e+03
   2.3594791e+03
   2.3585149e+03
   2.3575507e+03
   2.3565864e+03
   2.3556222e+03
   2.3546580e+03
   2.3536937e+03
   2.3527295e+03
   2.3517653e+03
   2.3508010e+03
   2.3498368e+03
   2.3488726e+03
   2.3479083e+03
   2.3469441e+03
   2.3459799e+03
   2.3450156e+03
   2.3440514e+03
   2.3430872e+03
   2.3421229e+03
   2.3411587e+03
   2.3401945e+03
   2.3392302e+03
   2.3382660e+03
   2.3373018e+03
   2.3363375e+03
   2.3353733e+03
   2.3344091e+03
   2.3334448e+03
   2.3324806e+03
   2.3315164e+03
   2.3305521e+03
   2.3295879e+03
   2.3286237e+03
   2.3276594e+03
   2.3266952e+03
   2.3257310e+03
   2.3247667e+03
   2.3238025e+03
   2.3228383e+03
   2.3218740e+03
   2.3209098e+03
   2.3199456e+03
   2.3189813e+03
   2.3180171e+03
   2.3170529e+03
   2.3160886e+03
   2.3151244e+03
   2.3141602e+03
   2.3131959e+03
   2.3122317e+03
   2.3112675e+03
   2.3103032e+03
   2.3093390e+03
   2.3083748e+03
   2.3074105e+03
   2.3064463e+03
   2.3054821e+03
   2.3045178e+03
   2.3035536e+03
   2.3025894e+03
   2.3016251e+03
   2.3006609e+03
   2.2996967e+03
   2.2987324e+03
   2.2977682e+03
   2.2968040e+03
   2.2958397e+03
   2.2948755e+03
   2.2939113e+03
   2.2929470e+03
   2.2919828e+03
   2.2910186e+03
   2.2900543e+03
   2.2890901e+03
   2.2881259e+03
   2.2871616e+03
   2.2861974e+03
   2.2852332e+03
   2.2842689e+03
   2.2833047e+03
   2.2823405e+03
   2.2813762e+03
   2.2804120e+03
   2.2794478e+03
   2.2784835e+03
   2.2775193e+03
   2.2765551e+03
   2.2755908e+03
   2.2746266e+03
   2.2736624e+03
   2.2726981e+03
   2.2717339e+03
   2.2707697e+03
   2.2698054e+03
   2.2688412e+03
   2.2678770e+03
   2.2669127e+03
   2.2659485e+03
   2.2649843e+03
   2.2640200e+03
   2.2630558e+03
   2.2620916e+03
   2.2611273e+03
   2.2601631e+03
   2.2591989e+03
   2.2582346e+03
   2.2572704e+03
   2.2563062e+03
   2.2553419e+03
   2.2543777e+03
   2.2534135e+03
   2.2524492e+03
   2.2514850e+03
   2.2505208e+03
   2.2495565e+03
   2.2485923e+03
   2.2476281e+03
   2.2466638e+03
   2.2456996e+03
   2.2447354e+03
   2.2437711e+03
   2.2428069e+03
   2.2418427e+03
   2.2408784e+03
   2.2399142e+03
   2.2389500e+03
   2.2379857e+03
   2.2370215e+03
   2.2360573e+03
   2.2350930e+03
   2.2341288e+03
   2.2331646e+03
   2.2322003e+03
   2.2312361e+03
   2.2302719e+03
   2.2293076e+03
   2.2283434e+03
   2.2273792e+03
   2.2264149e+03
   2.2254507e+03
   2.2244865e+03
   2.2235222e+03
   2.2225580e+03
   2.2215938e+03
   2.2206295e+03
   2.2196653e+03
   2.2187010e+03
   2.2177368e+03
   2.2167726e+03
   2.2158083e+03
   2.2148441e+03
   2.2138799e+03
   2.2129156e+03
   2.2119514e+03
   2.2109872e+03
   2.2100229e+03
   2.2090587e+03
   2.2080945e+03
   2.2071302e+03
   2.2061660e+03
   2.2052018e+03
   2.2042375e+03
   2.2032733e+03
   2.2023091e+03
   2.2013448e+03
   2.2003806e+03
   2.1994164e+03
   2.1984521e+03
   2.1974879e+03
   2.1965237e+03
   2.1955594e+03
   2.1945952e+03
   2.1936310e+03
   2.1926667e+03
   2.1917025e+03
   2.1907383e+03
   2.1897740e+03
   2.1888098e+03
   2.1878456e+03
   2.1868813e+03
   2.1859171e+03
   2.1849529e+03
   2.1839886e+03
   2.1830244e+03
   2.1820602e+03
   2.1810959e+03
   2.1801317e+03
   2.1791675e+03
   2.1782032e+03
   2.1772390e+03
   2.1762748e+03
   2.1753105e+03
   2.1743463e+03
   2.1733821e+03
   2.1724178e+03
   2.1714536e+03
   2.1704894e+03
   2.1695251e+03
   2.1685609e+03
   2.1675967e+03
   2.1666324e+03
   2.1656682e+03
   2.1647040e+03
   2.1637397e+03
   2.1627755e+03
   2.1618113e+03
   2.1608470e+03
   2.1598828e+03
   2.1589186e+03
   2.1579543e+03
   2.1569901e+03
   2.1560259e+03
   2.1550616e+03
   2.1540974e+03
   2.1531332e+03
   2.1521689e+03
   2.1512047e+03
   2.1502405e+03
   2.1492762e+03
   2.1483120e+03
   2.1473478e+03
   2.1463835e+03
   2.1454193e+03
   2.1444551e+03
   2.1434908e+03
   2.1425266e+03
   2.1415624e+03
   2.1405981e+03
   2.1396339e+03
   2.1386697e+03
   2.1377054e+03
   2.1367412e+03
   2.1357770e+03
   2.1348127e+03
   2.1338485e+03
   2.1328843e+03
   2.1319200e+03
   2.1309558e+03
   2.1299916e+03
   2.1290273e+03
   2.1280631e+03
   2.1270989e+03
   2.1261346e+03
   2.1251704e+03
   2.1242062e+03
   2.1232419e+03
   2.1222777e+03
   2.1213135e+03
   2.1203492e+03
   2.1193850e+03
   2.1184208e+03
   2.1174565e+03
   2.1164923e+03
   2.1155281e+03
   2.1145638e+03
   2.1135996e+03
   2.1126354e+03
   2.1116711e+03
   2.1107069e+03
   2.1097427e+03
   2.1087784e+03
   2.1078142e+03
   2.1068500e+03
   2.1058857e+03
   2.1049215e+03
   2.1039573e+03
   2.1029930e+03
   2.1020288e+03
   2.1010646e+03
   2.1001003e+03
   2.0991361e+03
   2.0981719e+03
   2.0972076e+03
   2.0962434e+03
   2.0952792e+03
   2.0943149e+03
   2.0933507e+03
   2.0923865e+03
   2.0914222e+03
   2.0904580e+03
   2.0894938e+03
   2.0885295e+03
   2.0875653e+03
   2.0866011e+03
   2.0856368e+03
   2.0846726e+03
   2.0837084e+03
   2.0827441e+03
   2.0817799e+03
   2.0808157e+03
   2.0798514e+03
   2.0788872e+03
   2.0779230e+03
   2.0769587e+03
   2.0759945e+03
   2.0750303e+03
   2.0740660e+03
   2.0731018e+03
   2.0721376e+03
   2.0711733e+03
   2.0702091e+03
   2.0692449e+03
   2.0682806e+03
   2.0673164e+03
   2.0663522e+03
   2.0653879e+03
   2.0644237e+03
   2.0634595e+03
   2.0624952e+03
   2.0615310e+03
   2.0605668e+03
   2.0596025e+03
   2.0586383e+03
   2.0576741e+03
   2.0567098e+03
   2.0557456e+03
   2.0547814e+03
   2.0538171e+03
   2.0528529e+03
   2.0518887e+03
   2.0509244e+03
   2.0499602e+03
   2.0489960e+03
   2.0480317e+03
   2.0470675e+03
   2.0461033e+03
   2.0451390e+03
   2.0441748e+03
   2.0432106e+03
   2.0422463e+03
   2.0412821e+03
   2.0403179e+03
   2.0393536e+03
   2.0383894e+03
   2.0374252e+03
   2.0364609e+03
   2.0354967e+03
   2.0345325e+03
   2.0335682e+03
   2.0326040e+03
   2.0316398e+03
   2.0306755e+03
   2.0297113e+03
   2.0287471e+03
   2.0277828e+03
   2.0268186e+03
   2.0258544e+03
   2.0248901e+03
   2.0239259e+03
   2.0229617e+03
   2.0219974e+03
   2.0210332e+03
   2.0200690e+03
   2.0191047e+03
   2.0181405e+03
   2.0171763e+03
   2.0162120e+03
   2.0152478e+03
   2.0142836e+03
   2.0133193e+03
   2.0123551e+03
   2.0113909e+03
   2.0104266e+03
   2.0094624e+03
   2.0084982e+03
   2.0075339e+03
   2.0065697e+03
   2.0056055e+03
   2.0046412e+03
   2.0036770e+03
   2.0027128e+03
   2.0017485e+03
   2.0007843e+03
   1.9998201e+03
   1.9988558e+03
   1.9978916e+03
   1.9969274e+03
   1.9959631e+03
   1.9949989e+03
   1.9940347e+03
   1.9930704e+03
   1.9921062e+03
   1.9911420e+03
   1.9901777e+03
   1.9892135e+03
   1.9882493e+03
   1.9872850e+03
   1.9863208e+03
   1.9853566e+03
   1.9843923e+03
   1.9834281e+03
   1.9824639e+03
   1.9814996e+03
   1.9805354e+03
   1.9795712e+03
   1.9786069e+03
   1.9776427e+03
   1.9766785e+03
   1.9757142e+03
   1.9747500e+03
   1.9737858e+03
   1.9728215e+03
   1.9718573e+03
   1.9708931e+03
   1.9699288e+03
   1.9689646e+03
   1.9680004e+03
   1.9670361e+03
   1.9660719e+03
   1.9651077e+03
   1.9641434e+03
   1.9631792e+03
   1.9622150e+03
   1.9612507e+03
   1.9602865e+03
   1.9593223e+03
   1.9583580e+03
   1.9573938e+03
   1.9564296e+03
   1.9554653e+03
   1.9545011e+03
   1.9535369e+03
   1.9525726e+03
   1.9516084e+03
   1.9506442e+03
   1.9496799e+03
   1.9487157e+03
   1.9477515e+03
   1.9467872e+03
   1.9458230e+03
   1.9448588e+03
   1.9438945e+03
   1.9429303e+03
   1.9419661e+03
   1.9410018e+03
   1.9400376e+03
   1.9390734e+03
   1.9381091e+03
   1.9371449e+03
   1.9361807e+03
   1.9352164e+03
   1.9342522e+03
   1.9332880e+03
   1.9323237e+03
   1.9313595e+03
   1.9303953e+03
   1.9294310e+03
   1.9284668e+03
   1.9275026e+03
   1.9265383e+03
   1.9255741e+03
   1.9246099e+03
   1.9236456e+03
   1.9226814e+03
   1.9217172e+03
   1.9207529e+03
   1.9197887e+03
   1.9188245e+03
   1.9178602e+03
   1.9168960e+03
   1.9159318e+03
   1.9149675e+03
   1.9140033e+03
   1.9130391e+03
   1.9120748e+03
   1.9111106e+03
   1.9101464e+03
   1.9091821e+03
   1.9082179e+03
   1.9072537e+03
   1.9062894e+03
   1.9053252e+03
   1.9043610e+03
   1.9033967e+03
   1.9024325e+03
   1.9014683e+03
   1.9005040e+03
   1.8995398e+03
   1.8985756e+03
   1.8976113e+03
   1.8966471e+03
   1.8956829e+03
   1.8947186e+03
   1.8937544e+03
   1.8927902e+03
   1.8918259e+03
   1.8908617e+03
   1.8898975e+03
   1.8889332e+03
   1.8879690e+03
   1.8870048e+03
   1.8860405e+03
   1.8850763e+03
   1.8841121e+03
   1.8831478e+03
   1.8821836e+03
   1.8812194e+03
   1.8802551e+03
   1.8792909e+03
   1.8783267e+03
   1.8773624e+03
   1.8763982e+03
   1.8754340e+03
   1.8744697e+03
   1.8735055e+03
   1.8725413e+03
   1.8715770e+03
   1.8706128e+03
   1.8696486e+03
   1.8686843e+03
   1.8677201e+03
   1.8667559e+03
   1.8657916e+03
   1.8648274e+03
   1.8638632e+03
   1.8628989e+03
   1.8619347e+03
   1.8609705e+03
   1.8600062e+03
   1.8590420e+03
   1.8580778e+03
   1.8571135e+03
   1.8561493e+03
   1.8551851e+03
   1.8542208e+03
   1.8532566e+03
   1.8522924e+03
   1.8513281e+03
   1.8503639e+03
   1.8493997e+03
   1.8484354e+03
   1.8474712e+03
   1.8465070e+03
   1.8455427e+03
   1.8445785e+03
   1.8436143e+03
   1.8426500e+03
   1.8416858e+03
   1.8407216e+03
   1.8397573e+03
   1.8387931e+03
   1.8378289e+03
   1.8368646e+03
   1.8359004e+03
   1.8349362e+03
   1.8339719e+03
   1.8330077e+03
   1.8320435e+03
   1.8310792e+03
   1.8301150e+03
   1.8291508e+03
   1.8281865e+03
   1.8272223e+03
   1.8262581e+03
   1.8252938e+03
   1.8243296e+03
   1.8233654e+03
   1.8224011e+03
   1.8214369e+03
   1.8204727e+03
   1.8195084e+03
   1.8185442e+03
   1.8175800e+03
   1.8166157e+03
   1.8156515e+03
   1.8146873e+03
   1.8137230e+03
   1.8127588e+03
   1.8117946e+03
   1.8108303e+03
   1.8098661e+03
   1.8089019e+03
   1.8079376e+03
   1.8069734e+03
   1.8060092e+03
   1.8050449e+03
   1.8040807e+03
   1.8031165e+03
   1.8021522e+03
   1.8011880e+03
   1.8002238e+03
   1.7992595e+03
   1.7982953e+03
   1.7973311e+03
   1.7963668e+03
   1.7954026e+03
   1.7944384e+03
   1.7934741e+03
   1.7925099e+03
   1.7915457e+03
   1.7905814e+03
   1.7896172e+03
   1.7886530e+03
   1.7876887e+03
   1.7867245e+03
   1.7857603e+03
   1.7847960e+03
   1.7838318e+03
   1.7828676e+03
   1.7819033e+03
   1.7809391e+03
   1.7799749e+03
   1.7790106e+03
   1.7780464e+03
   1.7770822e+03
   1.7761179e+03
   1.7751537e+03
   1.7741895e+03
   1.7732252e+03
   1.7722610e+03
   1.7712968e+03
   1.7703325e+03
   1.7693683e+03
   1.7684041e+03
   1.7674398e+03
   1.7664756e+03
   1.7655114e+03
   1.7645471e+03
   1.7635829e+03
   1.7626187e+03
   1.7616544e+03
   1.7606902e+03
   1.7597260e+03
   1.7587617e+03
   1.7577975e+03
   1.7568333e+03
   1.7558690e+03
   1.7549048e+03
   1.7539406e+03
   1.7529763e+03
   1.7520121e+03
   1.7510479e+03
   1.7500836e+03
   1.7491194e+03
   1.7481552e+03
   1.7471909e+03
   1.7462267e+03
   1.7452625e+03
   1.7442982e+03
   1.7433340e+03
   1.7423698e+03
   1.7414055e+03
   1.7404413e+03
   1.7394771e+03
   1.7385128e+03
   1.7375486e+03
   1.7365844e+03
   1.7356201e+03
   1.7346559e+03
   1.7336917e+03
   1.7327274e+03
   1.7317632e+03
   1.7307990e+03
   1.7298347e+03
   1.7288705e+03
   1.7279062e+03
   1.7269420e+03
   1.7259778e+03
   1.7250135e+03
   1.7240493e+03
   1.7230851e+03
   1.7221208e+03
   1.7211566e+03
   1.7201924e+03
   1.7192281e+03
   1.7182639e+03
   1.7172997e+03
   1.7163354e+03
   1.7153712e+03
   1.7144070e+03
   1.7134427e+03
   1.7124785e+03
   1.7115143e+03
   1.7105500e+03
   1.7095858e+03
   1.7086216e+03
   1.7076573e+03
   1.7066931e+03
   1.7057289e+03
   1.7047646e+03
   1.7038004e+03
   1.7028362e+03
   1.7018719e+03
   1.7009077e+03
   1.6999435e+03
   1.6989792e+03
   1.6980150e+03
   1.6970508e+03
   1.6960865e+03
   1.6951223e+03
   1.6941581e+03
   1.6931938e+03
   1.6922296e+03
   1.6912654e+03
   1.6903011e+03
   1.6893369e+03
   1.6883727e+03
   1.6874084e+03
   1.6864442e+03
   1.6854800e+03
   1.6845157e+03
   1.6835515e+03
   1.6825873e+03
   1.6816230e+03
   1.6806588e+03
   1.6796946e+03
   1.6787303e+03
   1.6777661e+03
   1.6768019e+03
   1.6758376e+03
   1.6748734e+03
   1.6739092e+03
   1.6729449e+03
   1.6719807e+03
   1.6710165e+03
   1.6700522e+03
   1.6690880e+03
   1.6681238e+03
   1.6671595e+03
   1.6661953e+03
   1.6652311e+03
   1.6642668e+03
   1.6633026e+03
   1.6623384e+03
   1.6613741e+03
   1.6604099e+03
   1.6594457e+03
   1.6584814e+03
   1.6575172e+03
   1.6565530e+03
   1.6555887e+03
   1.6546245e+03
   1.6536603e+03
   1.6526960e+03
   1.6517318e+03
   1.6507676e+03
   1.6498033e+03
   1.6488391e+03
   1.6478749e+03
   1.6469106e+03
   1.6459464e+03
   1.6449822e+03
   1.6440179e+03
   1.6430537e+03
   1.6420895e+03
   1.6411252e+03
   1.6401610e+03
   1.6391968e+03
   1.6382325e+03
   1.6372683e+03
   1.6363041e+03
   1.6353398e+03
   1.6343756e+03
   1.6334114e+03
   1.6324471e+03
   1.6314829e+03
   1.6305187e+03
   1.6295544e+03
   1.6285902e+03
   1.6276260e+03
   1.6266617e+03
   1.6256975e+03
   1.6247333e+03
   1.6237690e+03
   1.6228048e+03
   1.6218406e+03
   1.6208763e+03
   1.6199121e+03
   1.6189479e+03
   1.6179836e+03
   1.6170194e+03
   1.6160552e+03
   1.6150909e+03
   1.6141267e+03
   1.6131625e+03
   1.6121982e+03
   1.6112340e+03
   1.6102698e+03
   1.6093055e+03
   1.6083413e+03
   1.6073771e+03
   1.6064128e+03
   1.6054486e+03
   1.6044844e+03
   1.6035201e+03
   1.6025559e+03
   1.6015917e+03
   1.6006274e+03
   1.5996632e+03
   1.5986990e+03
   1.5977347e+03
   1.5967705e+03
   1.5958063e+03
   1.5948420e+03
   1.5938778e+03
   1.5929136e+03
   1.5919493e+03
   1.5909851e+03
   1.5900209e+03
   1.5890566e+03
   1.5880924e+03
   1.5871282e+03
   1.5861639e+03
   1.5851997e+03
   1.5842355e+03
   1.5832712e+03
   1.5823070e+03
   1.5813428e+03
   1.5803785e+03
   1.5794143e+03
   1.5784501e+03
   1.5774858e+03
   1.5765216e+03
   1.5755574e+03
   1.5745931e+03
   1.5736289e+03
   1.5726647e+03
   1.5717004e+03
   1.5707362e+03
   1.5697720e+03
   1.5688077e+03
   1.5678435e+03
   1.5668793e+03
   1.5659150e+03
   1.5649508e+03
   1.5639866e+03
   1.5630223e+03
   1.5620581e+03
   1.5610939e+03
   1.5601296e+03
   1.5591654e+03
   1.5582012e+03
   1.5572369e+03
   1.5562727e+03
   1.5553085e+03
   1.5543442e+03
   1.5533800e+03
   1.5524158e+03
   1.5514515e+03
   1.5504873e+03
   1.5495231e+03
   1.5485588e+03
   1.5475946e+03
   1.5466304e+03
   1.5456661e+03
   1.5447019e+03
   1.5437377e+03
   1.5427734e+03
   1.5418092e+03
   1.5408450e+03
   1.5398807e+03
   1.5389165e+03
   1.5379523e+03
   1.5369880e+03
   1.5360238e+03
   1.5350596e+03
   1.5340953e+03
   1.5331311e+03
   1.5321669e+03
   1.5312026e+03
   1.5302384e+03
   1.5292742e+03
   1.5283099e+03
   1.5273457e+03
   1.5263815e+03
   1.5254172e+03
   1.5244530e+03
   1.5234888e+03
   1.5225245e+03
   1.5215603e+03
   1.5205961e+03
   1.5196318e+03
   1.5186676e+03
   1.5177034e+03
   1.5167391e+03
   1.5157749e+03
   1.5148107e+03
   1.5138464e+03
   1.5128822e+03
   1.5119180e+03
   1.5109537e+03
   1.5099895e+03
   1.5090253e+03
   1.5080610e+03
   1.5070968e+03
   1.5061326e+03
   1.5051683e+03
   1.5042041e+03
   1.5032399e+03
   1.5022756e+03
   1.5013114e+03
   1.5003472e+03
   1.4993829e+03
   1.4984187e+03
   1.4974545e+03
   1.4964902e+03
   1.4955260e+03
   1.4945618e+03
   1.4935975e+03
   1.4926333e+03
   1.4916691e+03
   1.4907048e+03
   1.4897406e+03
   1.4887764e+03
   1.4878121e+03
   1.4868479e+03
   1.4858837e+03
   1.4849194e+03
   1.4839552e+03
   1.4829910e+03
   1.4820267e+03
   1.4810625e+03
   1.4800983e+03
   1.4791340e+03
   1.4781698e+03
   1.4772056e+03
   1.4762413e+03
   1.4752771e+03
   1.4743129e+03
   1.4733486e+03
   1.4723844e+03
   1.4714202e+03
   1.4704559e+03
   1.4694917e+03
   1.4685275e+03
   1.4675632e+03
   1.4665990e+03
   1.4656348e+03
   1.4646705e+03
   1.4637063e+03
   1.4627421e+03
   1.4617778e+03
   1.4608136e+03
   1.4598494e+03
   1.4588851e+03
   1.4579209e+03
   1.4569567e+03
   1.4559924e+03
   1.4550282e+03
   1.4540640e+03
   1.4530997e+03
   1.4521355e+03
   1.4511713e+03
   1.4502070e+03
   1.4492428e+03
   1.4482786e+03
   1.4473143e+03
   1.4463501e+03
   1.4453859e+03
   1.4444216e+03
   1.4434574e+03
   1.4424932e+03
   1.4415289e+03
   1.4405647e+03
   1.4396005e+03
   1.4386362e+03
   1.4376720e+03
   1.4367078e+03
   1.4357435e+03
   1.4347793e+03
   1.4338151e+03
   1.4328508e+03
   1.4318866e+03
   1.4309224e+03
   1.4299581e+03
   1.4289939e+03
   1.4280297e+03
   1.4270654e+03
   1.4261012e+03
   1.4251370e+03
   1.4241727e+03
   1.4232085e+03
   1.4222443e+03
   1.4212800e+03
   1.4203158e+03
   1.4193516e+03
   1.4183873e+03
   1.4174231e+03
   1.4164589e+03
   1.4154946e+03
   1.4145304e+03
   1.4135662e+03
   1.4126019e+03
   1.4116377e+03
   1.4106735e+03
   1.4097092e+03
   1.4087450e+03
   1.4077808e+03
   1.4068165e+03
   1.4058523e+03
   1.4048881e+03
   1.4039238e+03
   1.4029596e+03
   1.4019954e+03
   1.4010311e+03
   1.4000669e+03
   1.3991027e+03
   1.3981384e+03
   1.3971742e+03
   1.3962100e+03
   1.3952457e+03
   1.3942815e+03
   1.3933173e+03
   1.3923530e+03
   1.3913888e+03
   1.3904246e+03
   1.3894603e+03
   1.3884961e+03
   1.3875319e+03
   1.3865676e+03
   1.3856034e+03
   1.3846392e+03
   1.3836749e+03
   1.3827107e+03
   1.3817465e+03
   1.3807822e+03
   1.3798180e+03
   1.3788538e+03
   1.3778895e+03
   1.3769253e+03
   1.3759611e+03
   1.3749968e+03
   1.3740326e+03
   1.3730684e+03
   1.3721041e+03
   1.3711399e+03
   1.3701757e+03
   1.3692114e+03
   1.3682472e+03
   1.3672830e+03
   1.3663187e+03
   1.3653545e+03
   1.3643903e+03
   1.3634260e+03
   1.3624618e+03
   1.3614976e+03
   1.3605333e+03
   1.3595691e+03
   1.3586049e+03
   1.3576406e+03
   1.3566764e+03
   1.3557122e+03
   1.3547479e+03
   1.3537837e+03
   1.3528195e+03
   1.3518552e+03
   1.3508910e+03
   1.3499268e+03
   1.3489625e+03
   1.3479983e+03
   1.3470341e+03
   1.3460698e+03
   1.3451056e+03
   1.3441414e+03
   1.3431771e+03
   1.3422129e+03
   1.3412487e+03
   1.3402844e+03
   1.3393202e+03
   1.3383560e+03
   1.3373917e+03
   1.3364275e+03
   1.3354633e+03
   1.3344990e+03
   1.3335348e+03
   1.3325706e+03
   1.3316063e+03
   1.3306421e+03
   1.3296779e+03
   1.3287136e+03
   1.3277494e+03
   1.3267852e+03
   1.3258209e+03
   1.3248567e+03
   1.3238925e+03
   1.3229282e+03
   1.3219640e+03
   1.3209998e+03
   1.3200355e+03
   1.3190713e+03
   1.3181071e+03
   1.3171428e+03
   1.3161786e+03
   1.3152144e+03
   1.3142501e+03
   1.3132859e+03
   1.3123217e+03
   1.3113574e+03
   1.3103932e+03
   1.3094290e+03
   1.3084647e+03
   1.3075005e+03
   1.3065363e+03
   1.3055720e+03
   1.3046078e+03
   1.3036436e+03
   1.3026793e+03
   1.3017151e+03
   1.3007509e+03
   1.2997866e+03
   1.2988224e+03
   1.2978582e+03
   1.2968939e+03
   1.2959297e+03
   1.2949655e+03
   1.2940012e+03
   1.2930370e+03
   1.2920728e+03
   1.2911085e+03
   1.2901443e+03
   1.2891801e+03
   1.2882158e+03
   1.2872516e+03
   1.2862874e+03
   1.2853231e+03
   1.2843589e+03
   1.2833947e+03
   1.2824304e+03
   1.2814662e+03
   1.2805020e+03
   1.2795377e+03
   1.2785735e+03
   1.2776093e+03
   1.2766450e+03
   1.2756808e+03
   1.2747166e+03
   1.2737523e+03
   1.2727881e+03
   1.2718239e+03
   1.2708596e+03
   1.2698954e+03
   1.2689312e+03
   1.2679669e+03
   1.2670027e+03
   1.2660385e+03
   1.2650742e+03
   1.2641100e+03
   1.2631458e+03
   1.2621815e+03
   1.2612173e+03
   1.2602531e+03
   1.2592888e+03
   1.2583246e+03
   1.2573604e+03
   1.2563961e+03
   1.2554319e+03
   1.2544677e+03
   1.2535034e+03
   1.2525392e+03
   1.2515750e+03
   1.2506107e+03
   1.2496465e+03
   1.2486823e+03
   1.2477180e+03
   1.2467538e+03
   1.2457896e+03
   1.2448253e+03
   1.2438611e+03
   1.2428969e+03
   1.2419326e+03
   1.2409684e+03
   1.2400042e+03
   1.2390399e+03
   1.2380757e+03
   1.2371115e+03
   1.2361472e+03
   1.2351830e+03
   1.2342188e+03
   1.2332545e+03
   1.2322903e+03
   1.2313260e+03
   1.2303618e+03
   1.2293976e+03
   1.2284333e+03
   1.2274691e+03
   1.2265049e+03
   1.2255406e+03
   1.2245764e+03
   1.2236122e+03
   1.2226479e+03
   1.2216837e+03
   1.2207195e+03
   1.2197552e+03
   1.2187910e+03
   1.2178268e+03
   1.2168625e+03
   1.2158983e+03
   1.2149341e+03
   1.2139698e+03
   1.2130056e+03
   1.2120414e+03
   1.2110771e+03
   1.2101129e+03
   1.2091487e+03
   1.2081844e+03
   1.2072202e+03
   1.2062560e+03
   1.2052917e+03
   1.2043275e+03
   1.2033633e+03
   1.2023990e+03
   1.2014348e+03
   1.2004706e+03
   1.1995063e+03
   1.1985421e+03
   1.1975779e+03
   1.1966136e+03
   1.1956494e+03
   1.1946852e+03
   1.1937209e+03
   1.1927567e+03
   1.1917925e+03
   1.1908282e+03
   1.1898640e+03
   1.1888998e+03
   1.1879355e+03
   1.1869713e+03
   1.1860071e+03
   1.1850428e+03
   1.1840786e+03
   1.1831144e+03
   1.1821501e+03
   1.1811859e+03
   1.1802217e+03
   1.1792574e+03
   1.1782932e+03
   1.1773290e+03
   1.1763647e+03
   1.1754005e+03
   1.1744363e+03
   1.1734720e+03
   1.1725078e+03
   1.1715436e+03
   1.1705793e+03
   1.1696151e+03
   1.1686509e+03
   1.1676866e+03
   1.1667224e+03
   1.1657582e+03
   1.1647939e+03
   1.1638297e+03
   1.1628655e+03
   1.1619012e+03
   1.1609370e+03
   1.1599728e+03
   1.1590085e+03
   1.1580443e+03
   1.1570801e+03
   1.1561158e+03
   1.1551516e+03
   1.1541874e+03
   1.1532231e+03
   1.1522589e+03
   1.1512947e+03
   1.1503304e+03
   1.1493662e+03
   1.1484020e+03
   1.1474377e+03
   1.1464735e+03
   1.1455093e+03
   1.1445450e+03
   1.1435808e+03
   1.1426166e+03
   1.1416523e+03
   1.1406881e+03
   1.1397239e+03
   1.1387596e+03
   1.1377954e+03
   1.1368312e+03
   1.1358669e+03
   1.1349027e+03
   1.1339385e+03
   1.1329742e+03
   1.1320100e+03
   1.1310458e+03
   1.1300815e+03
   1.1291173e+03
   1.1281531e+03
   1.1271888e+03
   1.1262246e+03
   1.1252604e+03
   1.1242961e+03
   1.1233319e+03
   1.1223677e+03
   1.1214034e+03
   1.1204392e+03
   1.1194750e+03
   1.1185107e+03
   1.1175465e+03
   1.1165823e+03
   1.1156180e+03
   1.1146538e+03
   1.1136896e+03
   1.1127253e+03
   1.1117611e+03
   1.1107969e+03
   1.1098326e+03
   1.1088684e+03
   1.1079042e+03
   1.1069399e+03
   1.1059757e+03
   1.1050115e+03
   1.1040472e+03
   1.1030830e+03
   1.1021188e+03
   1.1011545e+03
   1.1001903e+03
