   1.7613526e+01
   2.2542317e+01
   2.7471095e+01
   3.2399884e+01
   3.7328690e+01
   4.2257466e+01
   4.7186311e+01
   5.2115087e+01
   5.7043905e+01
   6.1972699e+01
   6.6901490e+01
   7.1830293e+01
   7.6759011e+01
   8.1687716e+01
   8.6616516e+01
   9.1545325e+01
   9.6474066e+01
   1.0140300e+02
   1.0633175e+02
   1.1126049e+02
   1.1618925e+02
   1.2111808e+02
   1.2604690e+02
   1.3097568e+02
   1.3590447e+02
   1.4083324e+02
   1.4576201e+02
   1.5069082e+02
   1.5561952e+02
   1.6054830e+02
   1.6547708e+02
   1.7040591e+02
   1.7533473e+02
   1.8026346e+02
   1.8519228e+02
   1.9012114e+02
   1.9504996e+02
   1.9997876e+02
   2.0490761e+02
   2.0983635e+02
   2.1476519e+02
   2.1969400e+02
   2.2462285e+02
   2.2955172e+02
   2.3448050e+02
   2.3940938e+02
   2.4433821e+02
   2.4926705e+02
   2.5419591e+02
   2.5912463e+02
   2.6405341e+02
   2.6898217e+02
   2.7391096e+02
   2.7883972e+02
   2.8376854e+02
   2.8869735e+02
   2.9362616e+02
   2.9855497e+02
   3.0348377e+02
   3.0841251e+02
   3.1334140e+02
   3.1827016e+02
   3.2319890e+02
   3.2812775e+02
   3.3305649e+02
   3.3798526e+02
   3.4291401e+02
   3.4784283e+02
   3.5277160e+02
   3.5770035e+02
   3.6262920e+02
   3.6755794e+02
   3.7248672e+02
   3.7741549e+02
   3.8234429e+02
   3.8727307e+02
   3.9220184e+02
   3.9713063e+02
   4.0205941e+02
   4.0698826e+02
   4.1191705e+02
   4.1684579e+02
   4.2177466e+02
   4.2670350e+02
   4.3163227e+02
   4.3656113e+02
   4.4149000e+02
   4.4641877e+02
   4.5134761e+02
   4.5627651e+02
   4.6120530e+02
   4.6613410e+02
   4.7106291e+02
   4.7599174e+02
   4.8092053e+02
   4.8584931e+02
   4.9077814e+02
   4.9570699e+02
   5.0063578e+02
   5.0556455e+02
   5.1049336e+02
   5.1542218e+02
   5.2035100e+02
   5.2527972e+02
   5.3020858e+02
   5.3513736e+02
   5.4006616e+02
   5.4499502e+02
   5.4992381e+02
   5.5485260e+02
   5.5978134e+02
   5.6471015e+02
   5.6963906e+02
   5.7456789e+02
   5.7949672e+02
   5.8442557e+02
   5.8935435e+02
   5.9428320e+02
   5.9921204e+02
   6.0414082e+02
   6.0906970e+02
   6.1399851e+02
   6.1892721e+02
   6.2385598e+02
   6.2878475e+02
   6.3371359e+02
   6.3864237e+02
   6.4357123e+02
   6.4850005e+02
   6.5342885e+02
   6.5835771e+02
   6.6328655e+02
   6.6821538e+02
   6.7314410e+02
   6.7807295e+02
   6.8300186e+02
   6.8793064e+02
   6.9285946e+02
   6.9778829e+02
   7.0271712e+02
   7.0764593e+02
   7.1257477e+02
   7.1750355e+02
   7.2243237e+02
   7.2736118e+02
   7.3228994e+02
   7.3721872e+02
   7.4214757e+02
   7.4707643e+02
   7.5200527e+02
   7.5693401e+02
   7.6186281e+02
   7.6679150e+02
   7.7172027e+02
   7.7664912e+02
   7.8157794e+02
   7.8650669e+02
   7.9143546e+02
   7.9636430e+02
   8.0129310e+02
   8.0622194e+02
   8.1115075e+02
   8.1607947e+02
   8.2100820e+02
   8.2593704e+02
   8.3086585e+02
   8.3579462e+02
   8.4072344e+02
   8.4565229e+02
   8.5058109e+02
   8.5550978e+02
   8.6043864e+02
   8.6536748e+02
   8.7029624e+02
   8.7522503e+02
   8.8015391e+02
   8.8508284e+02
   8.9001166e+02
   8.9494040e+02
   8.9986919e+02
   9.0479801e+02
   9.0972687e+02
   9.1465570e+02
   9.1958452e+02
   9.2451338e+02
   9.2944218e+02
   9.3437099e+02
   9.3929983e+02
   9.4422867e+02
   9.4915746e+02
   9.5408624e+02
   9.5901508e+02
   9.6394390e+02
   9.6887265e+02
   9.7380147e+02
   9.7873028e+02
   9.8365911e+02
   9.8858801e+02
   9.9351678e+02
   9.9844561e+02
   1.0033744e+03
   1.0083033e+03
   1.0132320e+03
   1.0181608e+03
   1.0230897e+03
   1.0280185e+03
   1.0329473e+03
   1.0378761e+03
   1.0428049e+03
   1.0477337e+03
   1.0526626e+03
   1.0575914e+03
   1.0625202e+03
   1.0674490e+03
   1.0723778e+03
   1.0773066e+03
   1.0822354e+03
   1.0871642e+03
   1.0920931e+03
   1.0970220e+03
   1.1019508e+03
   1.1068796e+03
   1.1118084e+03
   1.1167371e+03
   1.1216659e+03
   1.1265947e+03
   1.1315235e+03
   1.1364522e+03
   1.1413810e+03
   1.1463099e+03
   1.1512387e+03
   1.1561675e+03
   1.1610963e+03
   1.1660250e+03
   1.1709539e+03
   1.1758827e+03
   1.1808116e+03
   1.1857403e+03
   1.1906692e+03
   1.1955980e+03
   1.2005268e+03
   1.2054556e+03
   1.2103844e+03
   1.2153132e+03
   1.2202420e+03
   1.2251708e+03
   1.2300996e+03
   1.2350285e+03
   1.2399573e+03
   1.2448862e+03
   1.2498149e+03
   1.2547437e+03
   1.2596725e+03
   1.2646013e+03
   1.2695302e+03
   1.2744590e+03
   1.2793878e+03
   1.2843167e+03
   1.2892455e+03
   1.2941743e+03
   1.2991032e+03
   1.3040320e+03
   1.3089608e+03
   1.3138895e+03
   1.3188183e+03
   1.3237472e+03
   1.3286760e+03
   1.3336048e+03
   1.3385336e+03
   1.3434625e+03
   1.3483913e+03
   1.3533201e+03
   1.3582489e+03
   1.3631777e+03
   1.3681066e+03
   1.3730354e+03
   1.3779642e+03
   1.3828931e+03
   1.3878219e+03
   1.3927507e+03
   1.3976795e+03
   1.4026082e+03
   1.4075371e+03
   1.4124659e+03
   1.4173947e+03
   1.4223235e+03
   1.4272523e+03
   1.4321811e+03
   1.4371099e+03
   1.4420386e+03
   1.4469674e+03
   1.4518963e+03
   1.4568250e+03
   1.4617539e+03
   1.4666827e+03
   1.4716116e+03
   1.4765404e+03
   1.4814692e+03
   1.4863980e+03
   1.4913269e+03
   1.4962557e+03
   1.5011845e+03
   1.5061134e+03
   1.5110422e+03
   1.5159709e+03
   1.5208997e+03
   1.5258286e+03
   1.5307573e+03
   1.5356862e+03
   1.5406150e+03
   1.5455438e+03
   1.5504726e+03
   1.5554014e+03
   1.5603302e+03
   1.5652590e+03
   1.5701877e+03
   1.5751165e+03
   1.5800453e+03
   1.5849742e+03
   1.5899030e+03
   1.5948317e+03
   1.5997606e+03
   1.6046894e+03
   1.6096182e+03
   1.6145471e+03
   1.6194759e+03
   1.6244047e+03
   1.6293335e+03
   1.6342623e+03
   1.6391911e+03
   1.6441199e+03
   1.6490487e+03
   1.6539776e+03
   1.6589063e+03
   1.6638351e+03
   1.6687639e+03
   1.6736928e+03
   1.6786216e+03
   1.6835504e+03
   1.6884791e+03
   1.6934080e+03
   1.6983368e+03
   1.7032656e+03
   1.7081944e+03
   1.7131232e+03
   1.7180520e+03
   1.7229809e+03
   1.7279096e+03
   1.7328384e+03
   1.7377671e+03
   1.7426960e+03
   1.7476247e+03
   1.7525535e+03
   1.7574822e+03
   1.7624111e+03
   1.7673399e+03
   1.7722688e+03
   1.7771975e+03
   1.7821263e+03
   1.7870552e+03
   1.7919840e+03
   1.7969128e+03
   1.8018416e+03
   1.8067704e+03
   1.8116992e+03
   1.8166280e+03
   1.8215568e+03
   1.8264855e+03
   1.8314144e+03
   1.8363431e+03
   1.8412719e+03
   1.8462008e+03
   1.8511296e+03
   1.8560584e+03
   1.8609873e+03
   1.8659160e+03
   1.8708448e+03
   1.8757736e+03
   1.8807024e+03
   1.8856312e+03
   1.8905600e+03
   1.8954888e+03
   1.9004176e+03
   1.9053464e+03
   1.9102752e+03
   1.9152039e+03
   1.9201327e+03
   1.9250616e+03
   1.9299904e+03
   1.9349193e+03
   1.9398480e+03
   1.9447768e+03
   1.9497055e+03
   1.9546344e+03
   1.9595632e+03
   1.9644919e+03
   1.9694206e+03
   1.9743493e+03
   1.9792781e+03
   1.9842069e+03
   1.9891357e+03
   1.9940645e+03
   1.9989933e+03
   2.0039221e+03
   2.0088508e+03
   2.0137795e+03
   2.0187083e+03
   2.0236371e+03
   2.0285659e+03
   2.0334946e+03
   2.0384234e+03
   2.0433521e+03
   2.0482809e+03
   2.0532098e+03
   2.0581385e+03
   2.0630674e+03
   2.0679962e+03
   2.0729250e+03
   2.0778537e+03
   2.0827825e+03
   2.0877112e+03
   2.0926401e+03
   2.0975689e+03
   2.1024976e+03
   2.1074264e+03
   2.1123552e+03
   2.1172840e+03
   2.1222128e+03
   2.1271416e+03
   2.1320704e+03
   2.1369993e+03
   2.1419280e+03
   2.1468568e+03
   2.1517856e+03
   2.1567143e+03
   2.1616431e+03
   2.1665720e+03
   2.1715007e+03
   2.1764295e+03
   2.1813583e+03
   2.1862871e+03
   2.1912159e+03
   2.1961446e+03
   2.2010734e+03
   2.2060021e+03
   2.2109309e+03
   2.2158597e+03
   2.2207885e+03
   2.2257173e+03
   2.2306460e+03
   2.2355748e+03
   2.2405036e+03
   2.2454325e+03
   2.2503612e+03
   2.2552899e+03
   2.2602187e+03
   2.2651474e+03
   2.2700762e+03
   2.2750049e+03
   2.2799337e+03
   2.2848625e+03
   2.2897912e+03
   2.2947200e+03
   2.2996487e+03
   2.3045775e+03
   2.3095062e+03
   2.3144351e+03
   2.3193638e+03
   2.3242926e+03
   2.3292214e+03
   2.3341501e+03
   2.3390790e+03
   2.3440078e+03
   2.3489366e+03
   2.3538653e+03
   2.3587941e+03
   2.3637229e+03
   2.3686517e+03
   2.3735805e+03
   2.3785092e+03
   2.3834380e+03
   2.3883668e+03
   2.3932955e+03
   2.3982243e+03
   2.4031531e+03
   2.4080819e+03
   2.4130106e+03
   2.4179393e+03
   2.4228682e+03
   2.4277970e+03
   2.4327257e+03
   2.4376544e+03
   2.4425832e+03
   2.4475120e+03
   2.4524408e+03
   2.4573696e+03
   2.4622984e+03
   2.4672272e+03
   2.4721560e+03
   2.4770848e+03
   2.4820135e+03
   2.4869422e+03
   2.4918710e+03
   2.4967999e+03
   2.5017286e+03
   2.5066574e+03
   2.5115861e+03
   2.5165149e+03
   2.5214437e+03
   2.5263724e+03
   2.5313012e+03
   2.5362299e+03
   2.5411587e+03
   2.5460874e+03
   2.5510162e+03
   2.5559450e+03
   2.5608738e+03
   2.5658025e+03
   2.5707313e+03
   2.5756601e+03
   2.5805889e+03
   2.5855176e+03
   2.5904463e+03
   2.5953751e+03
   2.6003038e+03
   2.6052326e+03
   2.6101613e+03
   2.6150900e+03
   2.6200188e+03
   2.6249476e+03
   2.6298763e+03
   2.6348051e+03
   2.6397339e+03
   2.6446627e+03
   2.6495914e+03
   2.6545202e+03
   2.6594490e+03
   2.6643778e+03
   2.6693065e+03
   2.6742353e+03
   2.6791640e+03
   2.6840928e+03
   2.6890216e+03
   2.6939504e+03
   2.6988793e+03
   2.7038080e+03
   2.7087367e+03
   2.7136654e+03
   2.7185942e+03
   2.7235230e+03
   2.7284518e+03
   2.7333806e+03
   2.7383094e+03
   2.7432381e+03
   2.7481669e+03
   2.7530957e+03
   2.7580244e+03
   2.7629532e+03
   2.7678820e+03
   2.7728108e+03
   2.7777396e+03
   2.7826684e+03
   2.7875971e+03
   2.7925260e+03
   2.7974547e+03
   2.8023835e+03
   2.8073122e+03
   2.8122410e+03
   2.8171698e+03
   2.8220986e+03
   2.8270274e+03
   2.8319562e+03
   2.8368849e+03
   2.8418137e+03
   2.8467424e+03
   2.8516712e+03
   2.8566000e+03
   2.8615288e+03
   2.8664575e+03
   2.8713863e+03
   2.8763151e+03
   2.8812439e+03
   2.8861726e+03
   2.8911014e+03
   2.8960302e+03
   2.9009590e+03
   2.9058877e+03
   2.9108165e+03
   2.9157452e+03
   2.9206740e+03
   2.9256027e+03
   2.9305315e+03
   2.9354603e+03
   2.9403890e+03
   2.9453178e+03
   2.9502466e+03
   2.9551753e+03
   2.9601042e+03
   2.9650329e+03
   2.9699617e+03
   2.9748905e+03
   2.9798192e+03
   2.9847480e+03
   2.9896767e+03
   2.9946054e+03
   2.9995342e+03
   3.0044629e+03
   3.0093917e+03
   3.0143204e+03
   3.0192492e+03
   3.0241779e+03
   3.0291067e+03
   3.0340354e+03
   3.0389641e+03
   3.0438929e+03
   3.0488216e+03
   3.0537503e+03
   3.0586791e+03
   3.0636078e+03
   3.0685366e+03
   3.0734654e+03
   3.0783942e+03
   3.0833229e+03
   3.0882517e+03
   3.0931805e+03
   3.0981094e+03
   3.1030381e+03
   3.1079669e+03
   3.1128957e+03
   3.1178244e+03
   3.1227532e+03
   3.1276819e+03
   3.1326107e+03
   3.1375396e+03
   3.1424683e+03
   3.1473971e+03
   3.1523259e+03
   3.1572546e+03
   3.1621834e+03
   3.1671122e+03
   3.1720409e+03
   3.1769696e+03
   3.1818984e+03
   3.1868272e+03
   3.1917559e+03
   3.1966846e+03
   3.2016134e+03
   3.2065422e+03
   3.2114709e+03
   3.2163997e+03
   3.2213285e+03
   3.2262573e+03
   3.2311860e+03
   3.2361148e+03
   3.2410436e+03
   3.2459724e+03
   3.2509011e+03
   3.2558299e+03
   3.2607587e+03
   3.2656874e+03
   3.2706162e+03
   3.2755450e+03
   3.2804738e+03
   3.2854026e+03
   3.2903313e+03
   3.2952601e+03
   3.3001889e+03
   3.3051177e+03
   3.3100465e+03
   3.3149752e+03
   3.3199040e+03
   3.3248328e+03
   3.3297616e+03
   3.3346904e+03
   3.3396191e+03
   3.3445479e+03
   3.3494766e+03
   3.3544054e+03
   3.3593342e+03
   3.3642629e+03
   3.3691916e+03
   3.3741203e+03
   3.3790491e+03
   3.3839779e+03
   3.3889066e+03
   3.3938354e+03
   3.3987641e+03
   3.4036930e+03
   3.4086218e+03
   3.4135505e+03
   3.4184793e+03
   3.4234081e+03
   3.4283369e+03
   3.4332657e+03
   3.4381944e+03
   3.4431232e+03
   3.4480519e+03
   3.4529807e+03
   3.4579094e+03
   3.4628382e+03
   3.4677670e+03
   3.4726958e+03
   3.4776246e+03
   3.4825534e+03
   3.4874822e+03
   3.4924109e+03
   3.4973397e+03
   3.5022685e+03
   3.5071973e+03
   3.5121260e+03
   3.5170547e+03
   3.5219835e+03
   3.5269122e+03
   3.5318410e+03
   3.5367698e+03
   3.5416986e+03
   3.5466274e+03
   3.5515562e+03
   3.5564849e+03
   3.5614135e+03
   3.5663423e+03
   3.5712711e+03
   3.5761999e+03
   3.5811287e+03
   3.5860574e+03
   3.5909862e+03
   3.5959149e+03
   3.6008437e+03
   3.6057725e+03
   3.6107012e+03
   3.6156299e+03
   3.6205587e+03
   3.6254875e+03
   3.6304162e+03
   3.6353450e+03
   3.6402737e+03
   3.6452024e+03
   3.6501311e+03
   3.6550599e+03
   3.6599887e+03
   3.6649174e+03
   3.6698462e+03
   3.6747751e+03
   3.6797038e+03
   3.6846326e+03
   3.6895614e+03
   3.6944901e+03
   3.6994189e+03
   3.7043476e+03
   3.7092764e+03
   3.7142050e+03
   3.7191338e+03
   3.7240626e+03
   3.7289913e+03
   3.7339201e+03
   3.7388488e+03
   3.7437775e+03
   3.7487063e+03
   3.7536351e+03
   3.7585639e+03
   3.7634926e+03
   3.7684214e+03
   3.7733501e+03
   3.7782789e+03
   3.7832076e+03
   3.7881363e+03
   3.7930650e+03
   3.7979938e+03
   3.8029225e+03
   3.8078513e+03
   3.8127800e+03
   3.8177088e+03
   3.8226375e+03
   3.8275662e+03
   3.8324950e+03
   3.8374237e+03
   3.8423525e+03
   3.8472813e+03
   3.8522100e+03
   3.8571388e+03
   3.8620675e+03
   3.8669962e+03
   3.8719250e+03
   3.8768537e+03
   3.8817825e+03
   3.8867112e+03
   3.8916400e+03
   3.8965688e+03
   3.9014976e+03
   3.9064264e+03
   3.9113552e+03
   3.9162840e+03
   3.9212129e+03
   3.9261416e+03
   3.9310704e+03
   3.9359992e+03
   3.9409280e+03
   3.9458568e+03
   3.9507856e+03
   3.9557143e+03
   3.9606431e+03
   3.9655719e+03
   3.9705005e+03
   3.9754293e+03
   3.9803580e+03
   3.9852867e+03
   3.9902155e+03
   3.9951442e+03
   4.0000729e+03
   4.0050016e+03
   4.0099304e+03
   4.0148591e+03
   4.0197878e+03
   4.0247165e+03
   4.0296453e+03
   4.0345740e+03
   4.0395027e+03
   4.0444315e+03
   4.0493603e+03
   4.0542890e+03
   4.0592178e+03
   4.0641465e+03
   4.0690753e+03
   4.0740040e+03
   4.0789326e+03
   4.0838614e+03
   4.0887901e+03
   4.0937188e+03
   4.0986476e+03
   4.1035763e+03
   4.1085050e+03
   4.1134338e+03
   4.1183626e+03
   4.1232913e+03
   4.1282200e+03
   4.1331488e+03
   4.1380776e+03
   4.1430064e+03
   4.1479352e+03
   4.1528639e+03
   4.1577926e+03
   4.1627214e+03
   4.1676501e+03
   4.1725788e+03
   4.1775075e+03
   4.1824363e+03
   4.1873651e+03
   4.1922938e+03
   4.1972226e+03
   4.2021514e+03
   4.2070801e+03
   4.2120089e+03
   4.2169376e+03
   4.2218663e+03
   4.2267951e+03
   4.2317239e+03
   4.2366526e+03
   4.2415815e+03
   4.2465103e+03
   4.2514391e+03
   4.2563679e+03
   4.2612966e+03
   4.2662254e+03
   4.2711542e+03
   4.2760829e+03
   4.2810117e+03
   4.2859404e+03
   4.2908692e+03
   4.2957979e+03
   4.3007266e+03
   4.3056554e+03
   4.3105841e+03
   4.3155129e+03
   4.3204417e+03
   4.3253704e+03
   4.3302991e+03
   4.3352279e+03
   4.3401566e+03
   4.3450853e+03
   4.3500141e+03
   4.3549429e+03
   4.3598717e+03
   4.3648004e+03
   4.3697292e+03
   4.3746579e+03
   4.3795867e+03
   4.3845155e+03
   4.3894442e+03
   4.3943729e+03
   4.3993017e+03
   4.4042304e+03
   4.4091592e+03
   4.4140879e+03
   4.4190168e+03
   4.4239456e+03
   4.4288744e+03
   4.4338032e+03
   4.4387319e+03
   4.4436606e+03
   4.4485894e+03
   4.4535181e+03
   4.4584469e+03
   4.4633758e+03
   4.4683046e+03
   4.4732334e+03
   4.4781621e+03
   4.4830908e+03
   4.4880195e+03
   4.4929483e+03
   4.4978771e+03
   4.5028058e+03
   4.5077345e+03
   4.5126633e+03
   4.5175921e+03
   4.5225209e+03
   4.5274497e+03
   4.5323784e+03
   4.5373072e+03
   4.5422359e+03
   4.5471647e+03
   4.5520935e+03
   4.5570222e+03
   4.5619509e+03
   4.5668797e+03
   4.5718085e+03
   4.5767372e+03
   4.5816660e+03
   4.5865948e+03
   4.5915235e+03
   4.5964523e+03
   4.6013810e+03
   4.6063098e+03
   4.6112386e+03
   4.6161673e+03
   4.6210961e+03
   4.6260249e+03
   4.6309537e+03
   4.6358825e+03
   4.6408112e+03
   4.6457400e+03
   4.6506688e+03
   4.6555976e+03
   4.6605263e+03
   4.6654550e+03
   4.6703837e+03
   4.6753125e+03
   4.6802413e+03
   4.6851701e+03
   4.6900989e+03
   4.6950277e+03
   4.6999565e+03
   4.7048853e+03
   4.7098141e+03
   4.7147429e+03
   4.7196717e+03
   4.7246004e+03
   4.7295292e+03
   4.7344580e+03
   4.7393869e+03
   4.7443156e+03
   4.7492444e+03
   4.7541732e+03
   4.7591020e+03
   4.7640307e+03
   4.7689594e+03
   4.7738882e+03
   4.7788169e+03
   4.7837457e+03
   4.7886745e+03
   4.7936032e+03
   4.7985320e+03
   4.8034607e+03
   4.8083894e+03
   4.8133182e+03
   4.8182470e+03
   4.8231758e+03
   4.8281045e+03
   4.8330332e+03
   4.8379620e+03
   4.8428908e+03
   4.8478196e+03
   4.8527484e+03
   4.8576772e+03
   4.8626060e+03
   4.8675347e+03
   4.8724634e+03
   4.8773922e+03
   4.8823208e+03
   4.8872496e+03
   4.8921785e+03
   4.8971072e+03
   4.9020359e+03
   4.9069647e+03
   4.9118934e+03
   4.9168222e+03
   4.9217509e+03
   4.9266797e+03
   4.9316085e+03
   4.9365372e+03
   4.9414660e+03
   4.9463948e+03
   4.9513235e+03
   4.9562522e+03
   4.9611810e+03
   4.9661098e+03
   4.9710386e+03
   4.9759674e+03
   4.9808961e+03
   4.9858249e+03
   4.9907536e+03
   4.9956824e+03
   5.0006112e+03
   5.0055401e+03
   5.0104688e+03
   5.0153975e+03
   5.0203263e+03
   5.0252550e+03
   5.0301838e+03
   5.0351126e+03
   5.0400413e+03
   5.0449701e+03
   5.0498988e+03
   5.0548276e+03
   5.0597564e+03
   5.0646851e+03
   5.0696138e+03
   5.0745426e+03
   5.0794714e+03
   5.0844002e+03
   5.0893290e+03
   5.0942577e+03
   5.0991865e+03
   5.1041152e+03
   5.1090440e+03
   5.1139728e+03
   5.1189016e+03
   5.1238303e+03
   5.1287591e+03
   5.1336879e+03
   5.1386167e+03
   5.1435456e+03
   5.1484743e+03
   5.1534031e+03
   5.1583318e+03
   5.1632606e+03
   5.1681893e+03
   5.1731181e+03
   5.1780469e+03
   5.1829756e+03
   5.1879044e+03
   5.1928332e+03
   5.1977619e+03
   5.2026907e+03
   5.2076194e+03
   5.2125483e+03
   5.2174771e+03
